100	-11.22579286	-5.52562473
103.0100334	-11.50774639	-5.547925587
106.0200669	-11.79997405	-5.570676597
109.0301003	-12.10229165	-5.593851182
112.0401338	-12.41438929	-5.617421486
115.0501672	-12.73579704	-5.641358441
118.0602007	-13.06584315	-5.665631839
121.0702341	-13.40360392	-5.69021042
124.0802676	-13.74784464	-5.715061971
127.090301	-14.09695198	-5.740153436
130.1003344	-14.44885938	-5.765451032
133.1103679	-14.8009695	-5.790920384
136.1204013	-15.15008092	-5.816526667
139.1304348	-15.49233078	-5.842234752
142.1404682	-15.82317062	-5.868009369
145.1505017	-16.13739744	-5.893815279
148.1605351	-16.42926525	-5.919617446
151.1705686	-16.69269966	-5.945381225
154.180602	-16.92162666	-5.971072556
157.1906355	-17.11040435	-5.996658161
160.2006689	-17.25431497	-6.022105751
163.2107023	-17.35004346	-6.047384233
166.2207358	-17.39605116	-6.072463933
169.2307692	-17.39276235	-6.097316808
172.2408027	-17.34251911	-6.121916678
175.2508361	-17.24931572	-6.146239443
178.2608696	-17.11837432	-6.170263323
181.270903	-16.95565146	-6.193969078
184.2809365	-16.76736256	-6.217340249
187.2909699	-16.55958709	-6.24036338
190.3010033	-16.3379842	-6.263028257
193.3110368	-16.10762037	-6.285328132
196.3210702	-15.87289217	-6.307259949
199.3311037	-15.63751969	-6.328824565
202.3411371	-15.40458621	-6.350026967
205.3511706	-15.17660364	-6.370876482
208.361204	-14.95558881	-6.391386972
211.3712375	-14.7431407	-6.411577026
214.3812709	-14.5405127	-6.431470137
217.3913043	-14.34867696	-6.45109486
220.4013378	-14.16837971	-6.47048496
223.4113712	-14.00018773	-6.489679528
226.4214047	-13.84452648	-6.508723086
229.4314381	-13.70171095	-6.527665653
232.4414716	-13.57197008	-6.546562794
235.451505	-13.45546588	-6.565475618
238.4615385	-13.35230785	-6.584470754
241.4715719	-13.26256352	-6.603620275
244.4816054	-13.1862656	-6.623001576
247.4916388	-13.12341619	-6.642697209
250.5016722	-13.07398832	-6.662794653
253.5117057	-13.03792492	-6.683386036
256.5217391	-13.01513547	-6.704567787
259.5317726	-13.00549012	-6.726440231
262.541806	-13.00881133	-6.749107113
265.5518395	-13.02486281	-6.772675055
268.5618729	-13.05333553	-6.797252942
271.5719064	-13.09383055	-6.822951248
274.5819398	-13.14583842	-6.849881289
277.5919732	-13.208715	-6.878154413
280.6020067	-13.28165351	-6.90788114
283.6120401	-13.36365308	-6.939170242
286.6220736	-13.45348424	-6.972127789
289.632107	-13.54965269	-7.006856156
292.6421405	-13.65036307	-7.043453013
295.6521739	-13.75348623	-7.082010305
298.6622074	-13.8565343	-7.122613238
301.6722408	-13.95664977	-7.165339286
304.6822742	-14.05061626	-7.21025724
307.6923077	-14.13489935	-7.257426303
310.7023411	-14.20572562	-7.306895259
313.7123746	-14.25920554	-7.358701723
316.722408	-14.29150102	-7.412871494
319.7324415	-14.29903026	-7.469418014
322.7424749	-14.27869358	-7.528341952
325.7525084	-14.22809452	-7.589630917
328.7625418	-14.14572549	-7.653259303
331.7725753	-14.03108824	-7.719188277
334.7826087	-13.88472833	-7.787365902
337.7926421	-13.70817725	-7.857727393
340.8026756	-13.50381273	-7.930195506
343.812709	-13.27466094	-8.004681041
346.8227425	-13.02417135	-8.08108346
349.8327759	-12.75599417	-8.159291596
352.8428094	-12.47378382	-8.239184451
355.8528428	-12.18104255	-8.320632049
358.8628763	-11.88100898	-8.403496354
361.8729097	-11.57658947	-8.487632212
364.8829431	-11.27032561	-8.572888317
367.8929766	-10.96438964	-8.65910818
370.90301	-10.66059939	-8.74613109
373.9130435	-10.36044545	-8.833793047
376.9230769	-10.06512495	-8.921927672
379.9331104	-9.775577799	-9.010367062
382.9431438	-9.492522382	-9.098942602
385.9531773	-9.216489248	-9.187485717
388.9632107	-8.947851632	-9.275828564
391.9732441	-8.686852501	-9.363804655
394.9832776	-8.433628075	-9.45124942
397.993311	-8.188227975	-9.538000701
401.0033445	-7.950632316	-9.623899173
404.0133779	-7.72076605	-9.708788715
407.0234114	-7.498510945	-9.792516709
410.0334448	-7.283715506	-9.874934278
413.0434783	-7.076203159	-9.955896484
416.0535117	-6.875778961	-10.03526246
419.0635452	-6.682235088	-10.11289549
422.0735786	-6.495355287	-10.1886631
425.083612	-6.314918476	-10.262437
428.0936455	-6.140701646	-10.33409313
431.1036789	-5.972482166	-10.40351155
434.1137124	-5.81003962	-10.47057641
437.1237458	-5.653157241	-10.5351758
440.1337793	-5.501623023	-10.59720167
443.1438127	-5.355230573	-10.65654968
446.1538462	-5.213779743	-10.71311903
449.1638796	-5.077077088	-10.76681235
452.173913	-4.944936182	-10.81753547
455.1839465	-4.817177827	-10.86519731
458.1939799	-4.693630163	-10.90970965
461.2040134	-4.574128712	-10.95098701
464.2140468	-4.458516368	-10.98894641
467.2240803	-4.346643342	-11.02350724
470.2341137	-4.238367078	-11.05459106
473.2441472	-4.133552147	-11.08212146
476.2541806	-4.032070125	-11.10602384
479.264214	-3.933799467	-11.12622533
482.2742475	-3.838625379	-11.14265453
485.2842809	-3.746439685	-11.15524148
488.2943144	-3.657140712	-11.16391741
491.3043478	-3.570633176	-11.16861469
494.3143813	-3.486828085	-11.16926667
497.3244147	-3.405642661	-11.16580759
500.3344482	-3.327000274	-11.15817244
503.3444816	-3.250830407	-11.14629691
506.3545151	-3.177068637	-11.13011732
509.3645485	-3.105656646	-11.10957053
512.3745819	-3.036542266	-11.08459389
515.3846154	-2.969679556	-11.05512528
518.3946488	-2.905028908	-11.02110302
521.4046823	-2.842557205	-10.98246593
524.4147157	-2.782238017	-10.93915338
527.4247492	-2.724051849	-10.89110532
530.4347826	-2.667986444	-10.83826242
533.4448161	-2.614037143	-10.78056619
536.4548495	-2.562207322	-10.71795915
539.4648829	-2.512508896	-10.65038505
542.4749164	-2.464962919	-10.57778917
545.4849498	-2.419600263	-10.50011862
548.4949833	-2.376462426	-10.41732279
551.5050167	-2.335602444	-10.32935379
554.5150502	-2.297085947	-10.23616703
557.5250836	-2.260992372	-10.13772191
560.5351171	-2.227416343	-10.03398261
563.5451505	-2.19646925	-9.924918997
566.5551839	-2.168281058	-9.810507719
569.5652174	-2.143002353	-9.69073345
572.5752508	-2.120806685	-9.56559034
575.5852843	-2.101893218	-9.435083686
578.5953177	-2.086489745	-9.299231855
581.6053512	-2.074856106	-9.158068491
584.6153846	-2.067288047	-9.011645041
587.6254181	-2.064121582	-8.860033624
590.6354515	-2.065737906	-8.703330297
593.6454849	-2.072568911	-8.541658735
596.6555184	-2.085103352	-8.375174362
599.6655518	-2.103893726	-8.204068963
602.6755853	-2.129563885	-8.028575784
605.6856187	-2.162817413	-7.848975117
608.6956522	-2.204446775	-7.665600358
611.7056856	-2.255343197	-7.478844458
614.7157191	-2.316507203	-7.289166683
617.7257525	-2.389059661	-7.097099526
620.735786	-2.474253122	-6.903255518
623.7458194	-2.57348311	-6.70833365
626.7558528	-2.688298888	-6.513124961
629.7658863	-2.820413079	-6.318516779
632.7759197	-2.97170927	-6.125494947
635.7859532	-3.144246529	-5.93514329
638.7959866	-3.340259419	-5.748639472
641.8060201	-3.562151759	-5.567246364
644.8160535	-3.812481857	-5.392298118
647.826087	-4.093936292	-5.22518024
650.8361204	-4.40928831	-5.067303334
653.8461538	-4.761335291	-4.920070558
656.8561873	-5.152807171	-4.78483948
659.8662207	-5.586233422	-4.662879708
662.8762542	-6.063749314	-4.555328373
665.8862876	-6.586811342	-4.463146204
668.8963211	-7.155775675	-4.387077335
671.9063545	-7.769271958	-4.327616087
674.916388	-8.423281676	-4.28498362
677.9264214	-9.10982132	-4.259116626
680.9364548	-9.815178773	-4.249669148
683.9464883	-10.5178494	-4.256027371
686.9565217	-11.18680777	-4.277335993
689.9665552	-11.78159292	-4.312533822
692.9765886	-12.25643583	-4.360395531
695.9866221	-12.56988584	-4.41957638
698.9966555	-12.69763626	-4.488656797
702.006689	-12.64153696	-4.566184271
705.0167224	-12.42832048	-4.650710642
708.0267559	-12.09904998	-4.740823603
711.0367893	-11.69661767	-4.83517193
714.0468227	-11.25743645	-4.932484484
717.0568562	-10.80850246	-5.03158347
720.0668896	-10.36795363	-5.131392669
723.0769231	-9.947000418	-5.230941529
726.0869565	-9.551966313	-5.32936597
729.09699	-9.185948053	-5.42590677
732.1070234	-8.850016235	-5.519906265
735.1170569	-8.544029937	-5.610803997
738.1270903	-8.267168795	-5.698131846
741.1371237	-8.018271758	-5.781509031
744.1471572	-7.796048314	-5.860637319
747.1571906	-7.599207375	-5.935296631
750.1672241	-7.426533665	-6.005341239
753.1772575	-7.276930929	-6.070696618
756.187291	-7.14944429	-6.131357024
759.1973244	-7.043269521	-6.1873838
762.2073579	-6.95775404	-6.238904398
765.2173913	-6.892392458	-6.286112056
768.2274247	-6.846818269	-6.329266061
771.2374582	-6.820792287	-6.368692491
774.2474916	-6.814187833	-6.404785286
777.2575251	-6.826972056	-6.438007478
780.2675585	-6.859182298	-6.468892374
783.277592	-6.910895903	-6.498044407
786.2876254	-6.98219132	-6.526139384
789.2976589	-7.07309779	-6.553923756
792.3076923	-7.183530347	-6.582212533
795.3177258	-7.313206313	-6.611885439
798.3277592	-7.461539296	-6.643880874
801.3377926	-7.627506948	-6.679187308
804.3478261	-7.80949029	-6.718831763
807.3578595	-8.005085856	-6.763865201
810.367893	-8.210898668	-6.81534475
813.3779264	-8.422335435	-6.874312979
816.3879599	-8.633434312	-6.941774673
819.3979933	-8.836789193	-7.018671855
822.4080268	-9.023647316	-7.105858118
825.4180602	-9.18426697	-7.204073516
828.4280936	-9.308598108	-7.313921494
831.4381271	-9.387275565	-7.435849289
834.4481605	-9.412794667	-7.570133158
837.458194	-9.38061421	-7.716869502
840.4682274	-9.289877435	-7.875972534
843.4782609	-9.143519614	-8.047178676
846.4882943	-8.947726925	-8.230057318
849.4983278	-8.71092637	-8.42402715
852.5083612	-8.442606829	-8.628376861
855.5183946	-8.152253712	-8.842288818
858.5284281	-7.848568012	-9.064864235
861.5384615	-7.539012933	-9.295148431
864.548495	-7.229642181	-9.532154955
867.5585284	-6.925126526	-9.774887632
870.5685619	-6.628895672	-10.02235985
873.5785953	-6.343331048	-10.27361071
876.5886288	-6.069967322	-10.527718
879.5986622	-5.809678971	-10.7838079
882.6086957	-5.562841217	-11.0410619
885.6187291	-5.329462542	-11.298721
888.6287625	-5.109290267	-11.55608786
891.638796	-4.901892585	-11.81252705
894.6488294	-4.706721025	-12.06746388
897.6588629	-4.523157152	-12.32038226
900.6688963	-4.350546868	-12.57082164
903.6789298	-4.188225148	-12.81837362
906.6889632	-4.035533458	-13.0626781
909.6989967	-3.891831688	-13.3034194
912.7090301	-3.756505981	-13.54032236
915.7190635	-3.628973549	-13.77314851
918.729097	-3.508685294	-14.0016924
921.7391304	-3.395126859	-14.22577817
924.7491639	-3.287818569	-14.44525631
927.7591973	-3.186314619	-14.6600007
930.7692308	-3.090201759	-14.86990584
933.7792642	-2.99909766	-15.07488442
936.7892977	-2.912649114	-15.274865
939.7993311	-2.830530143	-15.46979005
942.8093645	-2.752440108	-15.65961408
945.819398	-2.678101847	-15.84430202
948.8294314	-2.607259887	-16.02382776
951.8394649	-2.539678739	-16.19817288
954.8494983	-2.475141297	-16.36732545
957.8595318	-2.413447345	-16.53127905
960.8695652	-2.354412158	-16.69003185
963.8795987	-2.297865223	-16.84358579
966.8896321	-2.243649054	-16.99194593
969.8996656	-2.191618098	-17.13511974
972.909699	-2.141637745	-17.27311662
975.9197324	-2.093583408	-17.40594737
978.9297659	-2.047339694	-17.53362379
981.9397993	-2.002799638	-17.65615826
984.9498328	-1.959864008	-17.77356343
987.9598662	-1.918440675	-17.88585194
990.9698997	-1.878444029	-17.9930361
993.9799331	-1.839794456	-18.09512771
996.9899666	-1.802417858	-18.19213782
1000	-1.766245211	-18.28407654