# Frequency (MHz)    Transmission (dB)    Reflection (dB)
1.000000e+02    -2.857880e+00    -1.027947e+01
1.007705e+02    -2.859166e+00    -1.026630e+01
1.015469e+02    -2.860471e+00    -1.025298e+01
1.023293e+02    -2.861796e+00    -1.023950e+01
1.031177e+02    -2.863140e+00    -1.022587e+01
1.039122e+02    -2.864505e+00    -1.021208e+01
1.047129e+02    -2.865890e+00    -1.019813e+01
1.055196e+02    -2.867297e+00    -1.018402e+01
1.063327e+02    -2.868724e+00    -1.016975e+01
1.071519e+02    -2.870173e+00    -1.015531e+01
1.079775e+02    -2.871643e+00    -1.014072e+01
1.088095e+02    -2.873136e+00    -1.012596e+01
1.096478e+02    -2.874651e+00    -1.011103e+01
1.104926e+02    -2.876189e+00    -1.009594e+01
1.113440e+02    -2.877749e+00    -1.008068e+01
1.122018e+02    -2.879334e+00    -1.006526e+01
1.130663e+02    -2.880941e+00    -1.004966e+01
1.139375e+02    -2.882573e+00    -1.003389e+01
1.148154e+02    -2.884230e+00    -1.001795e+01
1.157000e+02    -2.885911e+00    -1.000184e+01
1.165914e+02    -2.887617e+00    -9.985555e+00
1.174898e+02    -2.889349e+00    -9.969095e+00
1.183950e+02    -2.891107e+00    -9.952459e+00
1.193072e+02    -2.892891e+00    -9.935647e+00
1.202264e+02    -2.894701e+00    -9.918658e+00
1.211528e+02    -2.896538e+00    -9.901490e+00
1.220862e+02    -2.898403e+00    -9.884143e+00
1.230269e+02    -2.900296e+00    -9.866615e+00
1.239748e+02    -2.902217e+00    -9.848906e+00
1.249300e+02    -2.904166e+00    -9.831016e+00
1.258925e+02    -2.906144e+00    -9.812943e+00
1.268625e+02    -2.908152e+00    -9.794686e+00
1.278400e+02    -2.910190e+00    -9.776244e+00
1.288250e+02    -2.912257e+00    -9.757618e+00
1.298175e+02    -2.914356e+00    -9.738806e+00
1.308177e+02    -2.916485e+00    -9.719807e+00
1.318257e+02    -2.918646e+00    -9.700620e+00
1.328414e+02    -2.920839e+00    -9.681246e+00
1.338649e+02    -2.923065e+00    -9.661683e+00
1.348963e+02    -2.925323e+00    -9.641931e+00
1.359356e+02    -2.927614e+00    -9.621989e+00
1.369830e+02    -2.929940e+00    -9.601856e+00
1.380384e+02    -2.932300e+00    -9.581532e+00
1.391020e+02    -2.934694e+00    -9.561017e+00
1.401737e+02    -2.937124e+00    -9.540310e+00
1.412538e+02    -2.939589e+00    -9.519410e+00
1.423421e+02    -2.942091e+00    -9.498317e+00
1.434388e+02    -2.944630e+00    -9.477031e+00
1.445440e+02    -2.947205e+00    -9.455551e+00
1.456577e+02    -2.949819e+00    -9.433877e+00
1.467799e+02    -2.952471e+00    -9.412009e+00
1.479108e+02    -2.955161e+00    -9.389945e+00
1.490505e+02    -2.957891e+00    -9.367687e+00
1.501989e+02    -2.960661e+00    -9.345233e+00
1.513561e+02    -2.963472e+00    -9.322584e+00
1.525223e+02    -2.966323e+00    -9.299739e+00
1.536975e+02    -2.969216e+00    -9.276699e+00
1.548817e+02    -2.972151e+00    -9.253462e+00
1.560750e+02    -2.975129e+00    -9.230030e+00
1.572775e+02    -2.978150e+00    -9.206401e+00
1.584893e+02    -2.981215e+00    -9.182577e+00
1.597104e+02    -2.984324e+00    -9.158556e+00
1.609410e+02    -2.987479e+00    -9.134340e+00
1.621810e+02    -2.990679e+00    -9.109928e+00
1.634306e+02    -2.993926e+00    -9.085320e+00
1.646898e+02    -2.997219e+00    -9.060516e+00
1.659587e+02    -3.000560e+00    -9.035517e+00
1.672374e+02    -3.003949e+00    -9.010324e+00
1.685259e+02    -3.007387e+00    -8.984935e+00
1.698244e+02    -3.010875e+00    -8.959352e+00
1.711328e+02    -3.014412e+00    -8.933575e+00
1.724514e+02    -3.018001e+00    -8.907604e+00
1.737801e+02    -3.021640e+00    -8.881440e+00
1.751190e+02    -3.025332e+00    -8.855084e+00
1.764683e+02    -3.029077e+00    -8.828534e+00
1.778279e+02    -3.032876e+00    -8.801794e+00
1.791981e+02    -3.036728e+00    -8.774862e+00
1.805788e+02    -3.040636e+00    -8.747739e+00
1.819701e+02    -3.044599e+00    -8.720427e+00
1.833721e+02    -3.048618e+00    -8.692926e+00
1.847850e+02    -3.052695e+00    -8.665236e+00
1.862087e+02    -3.056830e+00    -8.637358e+00
1.876434e+02    -3.061023e+00    -8.609294e+00
1.890892e+02    -3.065275e+00    -8.581044e+00
1.905461e+02    -3.069588e+00    -8.552609e+00
1.920142e+02    -3.073961e+00    -8.523990e+00
1.934936e+02    -3.078396e+00    -8.495188e+00
1.949845e+02    -3.082893e+00    -8.466204e+00
1.964868e+02    -3.087454e+00    -8.437039e+00
1.980007e+02    -3.092078e+00    -8.407694e+00
1.995262e+02    -3.096768e+00    -8.378170e+00
2.010635e+02    -3.101523e+00    -8.348469e+00
2.026127e+02    -3.106344e+00    -8.318591e+00
2.041738e+02    -3.111232e+00    -8.288538e+00
2.057469e+02    -3.116189e+00    -8.258312e+00
2.073322e+02    -3.121215e+00    -8.227913e+00
2.089296e+02    -3.126310e+00    -8.197344e+00
2.105394e+02    -3.131476e+00    -8.166604e+00
2.121615e+02    -3.136713e+00    -8.135697e+00
2.137962e+02    -3.142023e+00    -8.104623e+00
2.154435e+02    -3.147406e+00    -8.073384e+00
2.171034e+02    -3.152863e+00    -8.041981e+00
2.187762e+02    -3.158395e+00    -8.010417e+00
2.204618e+02    -3.164003e+00    -7.978692e+00
2.221604e+02    -3.169687e+00    -7.946809e+00
2.238721e+02    -3.175449e+00    -7.914769e+00
2.255970e+02    -3.181290e+00    -7.882574e+00
2.273352e+02    -3.187211e+00    -7.850226e+00
2.290868e+02    -3.193211e+00    -7.817727e+00
2.308518e+02    -3.199294e+00    -7.785078e+00
2.326305e+02    -3.205458e+00    -7.752281e+00
2.344229e+02    -3.211706e+00    -7.719339e+00
2.362291e+02    -3.218038e+00    -7.686253e+00
2.380492e+02    -3.224455e+00    -7.653026e+00
2.398833e+02    -3.230958e+00    -7.619659e+00
2.417315e+02    -3.237548e+00    -7.586154e+00
2.435940e+02    -3.244227e+00    -7.552515e+00
2.454709e+02    -3.250994e+00    -7.518742e+00
2.473622e+02    -3.257852e+00    -7.484838e+00
2.492681e+02    -3.264800e+00    -7.450805e+00
2.511886e+02    -3.271841e+00    -7.416646e+00
2.531240e+02    -3.278974e+00    -7.382362e+00
2.550743e+02    -3.286202e+00    -7.347957e+00
2.570396e+02    -3.293524e+00    -7.313432e+00
2.590200e+02    -3.300943e+00    -7.278790e+00
2.610157e+02    -3.308459e+00    -7.244033e+00
2.630268e+02    -3.316073e+00    -7.209164e+00
2.650534e+02    -3.323786e+00    -7.174185e+00
2.670956e+02    -3.331599e+00    -7.139098e+00
2.691535e+02    -3.339513e+00    -7.103907e+00
2.712273e+02    -3.347530e+00    -7.068613e+00
2.733170e+02    -3.355650e+00    -7.033219e+00
2.754229e+02    -3.363874e+00    -6.997729e+00
2.775450e+02    -3.372203e+00    -6.962143e+00
2.796834e+02    -3.380639e+00    -6.926466e+00
2.818383e+02    -3.389183e+00    -6.890700e+00
2.840098e+02    -3.397835e+00    -6.854847e+00
2.861980e+02    -3.406596e+00    -6.818910e+00
2.884032e+02    -3.415468e+00    -6.782892e+00
2.906252e+02    -3.424452e+00    -6.746796e+00
2.928645e+02    -3.433549e+00    -6.710624e+00
2.951209e+02    -3.442759e+00    -6.674379e+00
2.973948e+02    -3.452085e+00    -6.638064e+00
2.996861e+02    -3.461526e+00    -6.601683e+00
3.019952e+02    -3.471084e+00    -6.565237e+00
3.043220e+02    -3.480760e+00    -6.528729e+00
3.066667e+02    -3.490555e+00    -6.492163e+00
3.090295e+02    -3.500471e+00    -6.455541e+00
3.114106e+02    -3.510508e+00    -6.418867e+00
3.138099e+02    -3.520667e+00    -6.382143e+00
3.162278e+02    -3.530949e+00    -6.345372e+00
3.186642e+02    -3.541355e+00    -6.308556e+00
3.211195e+02    -3.551887e+00    -6.271700e+00
3.235937e+02    -3.562546e+00    -6.234806e+00
3.260869e+02    -3.573332e+00    -6.197877e+00
3.285993e+02    -3.584246e+00    -6.160916e+00
3.311311e+02    -3.595290e+00    -6.123926e+00
3.336824e+02    -3.606465e+00    -6.086910e+00
3.362534e+02    -3.617771e+00    -6.049871e+00
3.388442e+02    -3.629209e+00    -6.012812e+00
3.414549e+02    -3.640781e+00    -5.975737e+00
3.440857e+02    -3.652488e+00    -5.938647e+00
3.467369e+02    -3.664330e+00    -5.901546e+00
3.494084e+02    -3.676309e+00    -5.864438e+00
3.521005e+02    -3.688426e+00    -5.827325e+00
3.548134e+02    -3.700680e+00    -5.790210e+00
3.575472e+02    -3.713074e+00    -5.753097e+00
3.603020e+02    -3.725609e+00    -5.715987e+00
3.630781e+02    -3.738285e+00    -5.678886e+00
3.658755e+02    -3.751103e+00    -5.641795e+00
3.686945e+02    -3.764064e+00    -5.604717e+00
3.715352e+02    -3.777169e+00    -5.567656e+00
3.743978e+02    -3.790419e+00    -5.530615e+00
3.772825e+02    -3.803815e+00    -5.493597e+00
3.801894e+02    -3.817358e+00    -5.456604e+00
3.831187e+02    -3.831047e+00    -5.419640e+00
3.860705e+02    -3.844886e+00    -5.382707e+00
3.890451e+02    -3.858873e+00    -5.345810e+00
3.920427e+02    -3.873010e+00    -5.308950e+00
3.950633e+02    -3.887298e+00    -5.272131e+00
3.981072e+02    -3.901737e+00    -5.235356e+00
4.011745e+02    -3.916329e+00    -5.198628e+00
4.042655e+02    -3.931073e+00    -5.161950e+00
4.073803e+02    -3.945971e+00    -5.125324e+00
4.105191e+02    -3.961023e+00    -5.088754e+00
4.136820e+02    -3.976230e+00    -5.052243e+00
4.168694e+02    -3.991593e+00    -5.015793e+00
4.200813e+02    -4.007112e+00    -4.979408e+00
4.233179e+02    -4.022788e+00    -4.943090e+00
4.265795e+02    -4.038621e+00    -4.906842e+00
4.298662e+02    -4.054612e+00    -4.870668e+00
4.331783e+02    -4.070762e+00    -4.834569e+00
4.365158e+02    -4.087070e+00    -4.798550e+00
4.398791e+02    -4.103538e+00    -4.762611e+00
4.432683e+02    -4.120166e+00    -4.726758e+00
4.466836e+02    -4.136954e+00    -4.690991e+00
4.501252e+02    -4.153903e+00    -4.655315e+00
4.535933e+02    -4.171013e+00    -4.619731e+00
4.570882e+02    -4.188284e+00    -4.584243e+00
4.606100e+02    -4.205717e+00    -4.548852e+00
4.641589e+02    -4.223312e+00    -4.513563e+00
4.677351e+02    -4.241069e+00    -4.478377e+00
4.713390e+02    -4.258988e+00    -4.443297e+00
4.749705e+02    -4.277070e+00    -4.408325e+00
4.786301e+02    -4.295315e+00    -4.373465e+00
4.823178e+02    -4.313722e+00    -4.338719e+00
4.860340e+02    -4.332293e+00    -4.304089e+00
4.897788e+02    -4.351026e+00    -4.269578e+00
4.935525e+02    -4.369922e+00    -4.235188e+00
4.973552e+02    -4.388982e+00    -4.200922e+00
5.011872e+02    -4.408204e+00    -4.166782e+00
5.050488e+02    -4.427588e+00    -4.132771e+00
5.089401e+02    -4.447135e+00    -4.098890e+00
5.128614e+02    -4.466845e+00    -4.065143e+00
5.168129e+02    -4.486717e+00    -4.031531e+00
5.207948e+02    -4.506750e+00    -3.998057e+00
5.248075e+02    -4.526945e+00    -3.964724e+00
5.288510e+02    -4.547301e+00    -3.931532e+00
5.329257e+02    -4.567818e+00    -3.898485e+00
5.370318e+02    -4.588494e+00    -3.865585e+00
5.411695e+02    -4.609331e+00    -3.832833e+00
5.453391e+02    -4.630327e+00    -3.800232e+00
5.495409e+02    -4.651482e+00    -3.767784e+00
5.537750e+02    -4.672794e+00    -3.735490e+00
5.580417e+02    -4.694264e+00    -3.703354e+00
5.623413e+02    -4.715890e+00    -3.671376e+00
5.666741e+02    -4.737672e+00    -3.639559e+00
5.710402e+02    -4.759609e+00    -3.607905e+00
5.754399e+02    -4.781700e+00    -3.576415e+00
5.798736e+02    -4.803944e+00    -3.545091e+00
5.843414e+02    -4.826340e+00    -3.513936e+00
5.888437e+02    -4.848887e+00    -3.482950e+00
5.933806e+02    -4.871584e+00    -3.452135e+00
5.979525e+02    -4.894430e+00    -3.421494e+00
6.025596e+02    -4.917423e+00    -3.391027e+00
6.072022e+02    -4.940562e+00    -3.360736e+00
6.118806e+02    -4.963847e+00    -3.330624e+00
6.165950e+02    -4.987275e+00    -3.300691e+00
6.213458e+02    -5.010845e+00    -3.270939e+00
6.261331e+02    -5.034556e+00    -3.241369e+00
6.309573e+02    -5.058406e+00    -3.211983e+00
6.358188e+02    -5.082393e+00    -3.182782e+00
6.407176e+02    -5.106516e+00    -3.153767e+00
6.456542e+02    -5.130773e+00    -3.124940e+00
6.506289e+02    -5.155162e+00    -3.096303e+00
6.556418e+02    -5.179681e+00    -3.067855e+00
6.606934e+02    -5.204329e+00    -3.039599e+00
6.657840e+02    -5.229104e+00    -3.011536e+00
6.709137e+02    -5.254002e+00    -2.983666e+00
6.760830e+02    -5.279023e+00    -2.955991e+00
6.812921e+02    -5.304164e+00    -2.928512e+00
6.865413e+02    -5.329423e+00    -2.901230e+00
6.918310e+02    -5.354797e+00    -2.874146e+00
6.971614e+02    -5.380284e+00    -2.847260e+00
7.025329e+02    -5.405882e+00    -2.820574e+00
7.079458e+02    -5.431588e+00    -2.794089e+00
7.134004e+02    -5.457399e+00    -2.767805e+00
7.188970e+02    -5.483313e+00    -2.741723e+00
7.244360e+02    -5.509327e+00    -2.715844e+00
7.300176e+02    -5.535439e+00    -2.690169e+00
7.356423e+02    -5.561645e+00    -2.664698e+00
7.413102e+02    -5.587942e+00    -2.639432e+00
7.470219e+02    -5.614328e+00    -2.614372e+00
7.527776e+02    -5.640799e+00    -2.589518e+00
7.585776e+02    -5.667352e+00    -2.564871e+00
7.644223e+02    -5.693983e+00    -2.540431e+00
7.703120e+02    -5.720691e+00    -2.516199e+00
7.762471e+02    -5.747470e+00    -2.492176e+00
7.822280e+02    -5.774318e+00    -2.468361e+00
7.882549e+02    -5.801232e+00    -2.444755e+00
7.943282e+02    -5.828206e+00    -2.421359e+00
8.004484e+02    -5.855238e+00    -2.398173e+00
8.066157e+02    -5.882325e+00    -2.375197e+00
8.128305e+02    -5.909461e+00    -2.352432e+00
8.190932e+02    -5.936643e+00    -2.329877e+00
8.254042e+02    -5.963867e+00    -2.307534e+00
8.317638e+02    -5.991130e+00    -2.285401e+00
8.381724e+02    -6.018426e+00    -2.263480e+00
8.446303e+02    -6.045751e+00    -2.241771e+00
8.511380e+02    -6.073101e+00    -2.220274e+00
8.576959e+02    -6.100472e+00    -2.198988e+00
8.643043e+02    -6.127859e+00    -2.177914e+00
8.709636e+02    -6.155257e+00    -2.157053e+00
8.776742e+02    -6.182661e+00    -2.136403e+00
8.844365e+02    -6.210068e+00    -2.115966e+00
8.912509e+02    -6.237471e+00    -2.095740e+00
8.981179e+02    -6.264866e+00    -2.075727e+00
9.050377e+02    -6.292248e+00    -2.055926e+00
9.120108e+02    -6.319612e+00    -2.036337e+00
9.190377e+02    -6.346951e+00    -2.016960e+00
9.261187e+02    -6.374262e+00    -1.997795e+00
9.332543e+02    -6.401538e+00    -1.978842e+00
9.404449e+02    -6.428774e+00    -1.960101e+00
9.476908e+02    -6.455964e+00    -1.941571e+00
9.549926e+02    -6.483103e+00    -1.923253e+00
9.623506e+02    -6.510184e+00    -1.905146e+00
9.697654e+02    -6.537201e+00    -1.887251e+00
9.772372e+02    -6.564149e+00    -1.869567e+00
9.847667e+02    -6.591021e+00    -1.852093e+00
9.923541e+02    -6.617811e+00    -1.834830e+00
1.000000e+03    -6.644513e+00    -1.817778e+00
