100	-3.960091539	-24.4331418
103.0100334	-3.985759939	-24.67534962
106.0200669	-4.008914828	-24.91509339
109.0301003	-4.029696681	-25.15252274
112.0401338	-4.048232471	-25.38778424
115.0501672	-4.064636307	-25.62102005
118.0602007	-4.079010168	-25.85236674
121.0702341	-4.09144471	-26.08195438
124.0802676	-4.102020118	-26.30990573
127.090301	-4.110807001	-26.53633564
130.1003344	-4.117867305	-26.76135054
133.1103679	-4.123255237	-26.98504804
136.1204013	-4.127018186	-27.20751668
139.1304348	-4.129197635	-27.42883571
142.1404682	-4.129830051	-27.64907501
145.1505017	-4.128947746	-27.86829505
148.1605351	-4.126579707	-28.08654695
151.1705686	-4.122752375	-28.30387262
154.180602	-4.117490379	-28.52030487
157.1906355	-4.110817211	-28.7358677
160.2006689	-4.102755839	-28.95057658
163.2107023	-4.093329259	-29.1644387
166.2207358	-4.082560976	-29.37745343
169.2307692	-4.070475414	-29.58961264
172.2408027	-4.057098257	-29.80090115
175.2508361	-4.042456723	-30.01129715
178.2608696	-4.026579763	-30.2207727
181.270903	-4.0094982	-30.42929415
184.2809365	-3.991244807	-30.63682262
187.2909699	-3.971854324	-30.84331453
190.3010033	-3.951363423	-31.04872198
193.3110368	-3.929810635	-31.25299331
196.3210702	-3.907236223	-31.45607348
199.3311037	-3.883682039	-31.65790455
202.3411371	-3.859191335	-31.85842609
205.3511706	-3.833808569	-32.0575756
208.361204	-3.807579187	-32.25528885
211.3712375	-3.780549395	-32.45150032
214.3812709	-3.752765934	-32.64614344
217.3913043	-3.724275846	-32.83915099
220.4013378	-3.69512625	-33.03045533
223.4113712	-3.665364127	-33.21998869
226.4214047	-3.63503611	-33.4076834
229.4314381	-3.604188291	-33.5934721
232.4414716	-3.572866043	-33.77728796
235.451505	-3.541113855	-33.95906478
238.4615385	-3.50897519	-34.13873723
241.4715719	-3.476492351	-34.31624087
244.4816054	-3.443706374	-34.49151235
247.4916388	-3.410656931	-34.66448943
250.5016722	-3.377382255	-34.83511107
253.5117057	-3.343919076	-35.0033175
256.5217391	-3.310302573	-35.16905023
259.5317726	-3.276566345	-35.33225207
262.541806	-3.242742387	-35.49286719
265.5518395	-3.208861084	-35.65084106
268.5618729	-3.174951209	-35.80612048
271.5719064	-3.141039941	-35.95865355
274.5819398	-3.107152878	-36.10838962
277.5919732	-3.073314067	-36.2552793
280.6020067	-3.039546037	-36.39927438
283.6120401	-3.005869837	-36.54032782
286.6220736	-2.972305076	-36.67839365
289.632107	-2.938869972	-36.81342697
292.6421405	-2.905581397	-36.94538384
295.6521739	-2.872454932	-37.07422126
298.6622074	-2.839504913	-37.19989709
301.6722408	-2.806744488	-37.32236998
304.6822742	-2.774185669	-37.44159929
307.6923077	-2.741839383	-37.55754506
310.7023411	-2.709715527	-37.67016789
313.7123746	-2.677823016	-37.77942891
316.722408	-2.646169838	-37.88528969
319.7324415	-2.614763101	-37.98771216
322.7424749	-2.583609081	-38.08665854
325.7525084	-2.55271327	-38.18209129
328.7625418	-2.522080417	-38.273973
331.7725753	-2.491714577	-38.36226634
334.7826087	-2.461619148	-38.44693398
337.7926421	-2.431796911	-38.52793852
340.8026756	-2.40225007	-38.60524239
343.812709	-2.372980285	-38.67880781
346.8227425	-2.343988708	-38.74859671
349.8327759	-2.315276014	-38.8145706
352.8428094	-2.286842431	-38.87669057
355.8528428	-2.258687772	-38.93491717
358.8628763	-2.230811456	-38.98921034
361.8729097	-2.20321254	-39.03952931
364.8829431	-2.175889737	-39.08583256
367.8929766	-2.148841442	-39.12807769
370.90301	-2.122065749	-39.16622139
373.9130435	-2.095560475	-39.20021929
376.9230769	-2.069323172	-39.23002594
379.9331104	-2.043351148	-39.25559464
382.9431438	-2.017641481	-39.27687743
385.9531773	-1.992191031	-39.29382492
388.9632107	-1.966996452	-39.30638626
391.9732441	-1.942054209	-39.31450896
394.9832776	-1.917360582	-39.31813884
397.993311	-1.892911678	-39.3172199
401.0033445	-1.86870344	-39.31169418
404.0133779	-1.84473165	-39.30150168
407.0234114	-1.820991942	-39.2865802
410.0334448	-1.797479801	-39.2668652
413.0434783	-1.77419057	-39.24228968
416.0535117	-1.751119453	-39.21278402
419.0635452	-1.728261516	-39.1782758
422.0735786	-1.70561169	-39.13868967
425.083612	-1.683164773	-39.09394715
428.0936455	-1.660915424	-39.04396642
431.1036789	-1.638858169	-38.98866216
434.1137124	-1.616987393	-38.92794531
437.1237458	-1.595297338	-38.86172283
440.1337793	-1.573782103	-38.78989748
443.1438127	-1.552435632	-38.71236754
446.1538462	-1.531251714	-38.62902652
449.1638796	-1.510223972	-38.5397629
452.173913	-1.489345856	-38.44445972
455.1839465	-1.468610632	-38.34299433
458.1939799	-1.448011376	-38.23523794
461.2040134	-1.427540955	-38.12105523
464.2140468	-1.407192018	-38.0003039
467.2240803	-1.386956984	-37.87283423
470.2341137	-1.366828017	-37.73848848
473.2441472	-1.346797017	-37.59710041
476.2541806	-1.326855597	-37.4484946
479.264214	-1.306995059	-37.2924858
482.2742475	-1.287206378	-37.12887819
485.2842809	-1.267480169	-36.95746459
488.2943144	-1.247806666	-36.77802556
491.3043478	-1.228175691	-36.59032842
494.3143813	-1.208576624	-36.39412622
497.3244147	-1.188998369	-36.18915653
500.3344482	-1.16942932	-35.97514017
503.3444816	-1.149857328	-35.75177976
506.3545151	-1.130269661	-35.51875812
509.3645485	-1.110652967	-35.27573654
512.3745819	-1.090993243	-35.02235276
515.3846154	-1.071275796	-34.75821884
518.3946488	-1.051485215	-34.48291866
521.4046823	-1.031605353	-34.19600523
524.4147157	-1.011619315	-33.89699758
527.4247492	-0.9915094675	-33.58537729
530.4347826	-0.9712574767	-33.26058469
533.4448161	-0.9508443821	-32.92201436
536.4548495	-0.9302507299	-32.56901027
539.4648829	-0.9094567851	-32.20086015
542.4749164	-0.8884428598	-31.81678914
545.4849498	-0.8671898049	-31.41595267
548.4949833	-0.8456797352	-30.99742829
551.5050167	-0.8238970892	-30.56020655
554.5150502	-0.801830168	-30.10318071
557.5250836	-0.7794733661	-29.62513518
560.5351171	-0.7568304069	-29.12473279
563.5451505	-0.7339190477	-28.60050086
566.5551839	-0.7107779493	-28.05081647
569.5652174	-0.6874767678	-27.47389141
572.5752508	-0.6641310826	-26.86775833
575.5852843	-0.6409246611	-26.23026019
578.5953177	-0.6181429675	-25.55904735
581.6053512	-0.5962240816	-24.85158978
584.6153846	-0.57583683	-24.10521719
587.6254181	-0.5580017846	-23.31721004
590.6354515	-0.5442800519	-22.48498036
593.6454849	-0.5370689594	-21.60641055
596.6555184	-0.5400635612	-20.68046539
599.6655518	-0.5589643217	-19.70826849
602.6755853	-0.6025125575	-18.69494011
605.6856187	-0.6838397664	-17.65259376
608.6956522	-0.8217096599	-16.60482281
611.7056856	-1.040051118	-15.59230346
614.7157191	-1.361774354	-14.67691931
617.7257525	-1.790890461	-13.93784089
620.735786	-2.284136945	-13.45150949
623.7458194	-2.739947724	-13.25850925
626.7558528	-3.046311116	-13.34113758
629.7658863	-3.1595091	-13.63388591
632.7759197	-3.119449337	-14.05606241
635.7859532	-2.996772955	-14.53871588
638.7959866	-2.847809589	-15.03438884
641.8060201	-2.704618261	-15.51532214
644.8160535	-2.581743098	-15.96806985
647.826087	-2.484192853	-16.38857416
650.8361204	-2.412492266	-16.77871389
653.8461538	-2.365214352	-17.14413499
656.8561873	-2.340033025	-17.49291848
659.8662207	-2.33402227	-17.83469783
662.8762542	-2.343622632	-18.17994808
665.8862876	-2.364532111	-18.5392743
668.8963211	-2.391704815	-18.92262483
671.9063545	-2.419586507	-19.33845294
674.916388	-2.442629024	-19.79293701
677.9264214	-2.455995774	-20.28941788
680.9364548	-2.456247918	-20.82819356
683.9464883	-2.441768112	-21.40672742
686.9565217	-2.412776502	-22.02021073
689.9665552	-2.370967911	-22.66233106
692.9765886	-2.318938985	-23.32607068
695.9866221	-2.259606776	-24.00439365
698.9966555	-2.195759272	-24.69074594
702.006689	-2.129786936	-25.3793564
705.0167224	-2.063575209	-26.0653684
708.0267559	-1.998507875	-26.74484889
711.0367893	-1.935530587	-27.41472147
714.0468227	-1.875236868	-28.07266069
717.0568562	-1.817953907	-28.71697348
720.0668896	-1.763817142	-29.34648356
723.0769231	-1.712830074	-29.96042715
726.0869565	-1.664909707	-30.55836331
729.09699	-1.619919711	-31.14009952
732.1070234	-1.577693853	-31.70563117
735.1170569	-1.538052061	-32.25509338
738.1270903	-1.500811111	-32.788723
741.1371237	-1.465791473	-33.3068291
744.1471572	-1.43282149	-33.80977015
747.1571906	-1.401739716	-34.29793657
750.1672241	-1.372396036	-34.77173751
753.1772575	-1.344651981	-35.2315909
756.187291	-1.318380528	-35.67791601
759.1973244	-1.293465608	-36.11112807
762.2073579	-1.269801425	-36.53163427
765.2173913	-1.247291704	-36.93983105
768.2274247	-1.225848909	-37.33610217
771.2374582	-1.205393474	-37.72081753
774.2474916	-1.185853074	-38.0943324
777.2575251	-1.167161931	-38.45698713
780.2675585	-1.149260188	-38.80910707
783.277592	-1.132093323	-39.15100274
786.2876254	-1.115611625	-39.48297009
789.2976589	-1.099769717	-39.80529092
792.3076923	-1.084526129	-40.11823335
795.3177258	-1.069842912	-40.42205235
798.3277592	-1.055685296	-40.71699024
801.3377926	-1.042021375	-41.00327726
804.3478261	-1.028821838	-41.28113212
807.3578595	-1.016059717	-41.55076256
810.367893	-1.003710164	-41.81236584
813.3779264	-0.9917502591	-42.0661293
816.3879599	-0.9801588262	-42.31223081
819.3979933	-0.9689162774	-42.55083927
822.4080268	-0.9580044689	-42.78211505
825.4180602	-0.9474065727	-43.00621041
828.4280936	-0.9371069613	-43.22326991
831.4381271	-0.9270911036	-43.43343081
834.4481605	-0.9173454713	-43.6368234
837.458194	-0.9078574545	-43.83357136
840.4682274	-0.8986152854	-44.02379206
843.4782609	-0.8896079692	-44.2075969
846.4882943	-0.8808252216	-44.38509153
849.4983278	-0.8722574125	-44.55637619
852.5083612	-0.8638955142	-44.72154589
855.5183946	-0.8557310549	-44.88069067
858.5284281	-0.8477560764	-45.03389584
861.5384615	-0.8399630948	-45.18124213
864.548495	-0.8323450662	-45.32280595
867.5585284	-0.8248953534	-45.4586595
870.5685619	-0.8176076975	-45.58887097
873.5785953	-0.8104761901	-45.71350471
876.5886288	-0.8034952493	-45.83262132
879.5986622	-0.7966595966	-45.94627785
882.6086957	-0.7899642365	-46.05452789
885.6187291	-0.7834044372	-46.15742168
888.6287625	-0.7769757134	-46.25500622
891.638796	-0.7706738095	-46.34732541
894.6488294	-0.7644946854	-46.43442008
897.6588629	-0.7584345024	-46.51632812
900.6688963	-0.7524896108	-46.59308454
903.6789298	-0.7466565379	-46.66472153
906.6889632	-0.7409319772	-46.73126856
909.6989967	-0.7353127787	-46.7927524
912.7090301	-0.7297959394	-46.8491972
915.7190635	-0.7243785947	-46.90062453
918.729097	-0.7190580105	-46.9470534
921.7391304	-0.7138315756	-46.98850034
924.7491639	-0.7086967953	-47.02497939
927.7591973	-0.7036512847	-47.05650215
930.7692308	-0.6986927626	-47.08307778
933.7792642	-0.6938190465	-47.10471304
936.7892977	-0.6890280472	-47.12141228
939.7993311	-0.6843177639	-47.13317747
942.8093645	-0.6796862803	-47.14000818
945.819398	-0.6751317599	-47.14190156
948.8294314	-0.6706524427	-47.1388524
951.8394649	-0.6662466415	-47.13085302
954.8494983	-0.6619127386	-47.11789334
957.8595318	-0.6576491828	-47.0999608
960.8695652	-0.6534544866	-47.07704035
963.8795987	-0.649327224	-47.04911441
966.8896321	-0.6452660277	-47.01616283
969.8996656	-0.6412695872	-46.97816286
972.909699	-0.637336647	-46.93508907
975.9197324	-0.6334660044	-46.88691331
978.9297659	-0.6296565088	-46.83360466
981.9397993	-0.6259070595	-46.77512929
984.9498328	-0.6222166051	-46.71145048
987.9598662	-0.6185841426	-46.64252846
990.9698997	-0.6150087161	-46.56832032
993.9799331	-0.6114894169	-46.48877995
996.9899666	-0.6080253828	-46.40385787
1000	-0.6046157982	-46.31350117